Jobs
8262
7639
8169
7532
7737
7534
7563
6300
6786
8168
7912
8438
7527
7348
8234
8268
8273
5218
7731
8052
8174
5385
7539
8401
2
6181
5854
8063
5277
6467
6526
5831
7453
8448
7916
7364
7451
7749
5635
8370
8412
7756
8376
6815
5371
8380
7757
7600
6500
5123
5841
6463
8287
6770
8086
8381
7561
8364
8247
8242
8178
7572
5873
8099
8188
7817
8122
7705
7708
6851
8292
7414
8103
7574
8300
8301
8008
7491
7986
7467
8316
7901
7095
7821
7522
7952
8207
7941
7898
8039
8153
8041
6912
5648
7717
8109
7786
6807
8023
6836
5457
7405
8312
7893
7987
7895
8139
7209
3440
8033
7524
8326
8142
8321
6909
8152
7957
7810
6763
7016
7932
7935
7257
8202
6629
8308
7226
8206
8016
7589
8296
8047
8124
7784
8134
5393
7720
7873
7382
7906
8151
7958
7656
8343
8334
8218
8250
8215
6167
8257
8220
8344
8216
8258
8331
6095
6887
7124
8428
7971
7521
7101
8252
8227
7482
7273
7614
8181
7107
8269
6529
8266
8435
6744
5640
5346
8445
8275
7693
5
8059
8064
8172
7385
7697
7355
6772
5833
6136
7621
8164
5501
7701
7907
8067
8175
7908
6860
8240
7914
1769
8276
7601
8278
7691
8449
8165
8166
8085
8363
8388
5829
7514
6320
8290
7765
8288
7460
8087
7216
7766
8091
5720
6601
8291
7776
6432
3752
8357
7043
7840
7858
7985
8126
8303
7785
6269
8128
7843
7768
8362
7867
8098
7977
7507
7034
8080
6228
6055
5242
8411
7754
5377
7851
7982
6966
8406
7833
7022
7926
7413
7989
7953
8028
7947
7804
8329
8328
8144
7587
8038
8044
8198
8305
6656
8194
8019
6028
7884
8313
6884
6061
5593
7933
2678
5548
7796
5726
7811
7996
7963
8157
8046
8029
7800
8141
7799
6861
8034
6021
7991
6565
6717
8158
7900
7994
7999
7818
7967
7721
6752
7962
8253
7114
7154
8417
5942
5730
6931
7052
8256
8184
7729
6365
8054
8446
7375
5280
6903
6346
8284
8263
6969
8431
8232
1731
8279
8233
7616
7921
7744
8072
8244
8077
8081
8415
5870
8382
7771
7583
8355
7230
8094
8403
6193
8409
8068
8407
6954
6257
6334
8014
7778
8191
8195
8295
5838
5956
8015
7523
7623
8384
8389
6288
7573
7841
6942
7275
8137
7488
8309
7570
8116
7396
7659
7980
8007
7703
7690
7010
5864
7032
7888
8314
7711
8201
7166
7773
8120
6591
8117
6706
8293
8049
7638
7970
7657
8224
5630
7531
8032
6704
6078
8324
8035
7950
7636
7586
8333
7381
6928
7679
8161
8048
8209
7823
6172
6448
8146
7325
6709
8341
7815
8140
6244
7802
7809
7470
7426
8130
7529
6511
7606
8159
7816
6389
8248
5384
7557
7006
8221
8422
6850
8226
6657
7734
6766
8050
5096
6890
8058
6748
8185
8437
8272
6829
8274
7141
7342
5358
7517
6611
6428
8280
8163
6800
8264
8351
7924
7861
7751
7164
8096
8385
7860
7759
8093
8095
8289
3362
5274
7767
7468
8243
8410
7923
7652
6272
8374
7386
8394
6700
3393
8405
7743
8238
8179
8065
8061
7702
3389
7760
8283
7742
8074
7922
8246
8082
8366
8391
6326
8193
7029
6543
8123
8125
7934
5859
5215
6897
5852
7725
7727
8031
7940
7723
7540
6525
7431
7938
8189
7390
6473
7885
7707
5624
5856
5222
8361
8005
7513
7331
7995
6528
8040
8203
7891
7658
7824
7474
7899
7594
7943
7684
8420
8340
8222
7550
7808
5959
7997
6442
7077
8335
8004
8003
7955
7543
7813
5764
8423
7960
7685
6374
6646
8260
7820
7647
8416
8255
7345
2277
3432
3531
3251
3190
3020
3289
3467
3493
3472
3611
3632
3620
3793
3411
3804
3795
3263
3875
3181
3865
3329
3807
3808
3885
3813
3703
3924
3864
3546
3935
3978
2616
4021
3873
2645
2686
3965
4130
3942
4108
4035
4181
2914
3995
3992
3327
4023
4093
3981
3994
4001
4127
3305
4092
3985
4010
3941
4094
4504
4198
4244
4225
4220
4190
4555
4233
4260
4537
4295
4640
4276
3347
4520
4723
4392
4989
4771
4497
4823
4756
4789
4948
5027
6270
5075
5103
6833
6630
6064
6105
6356
6124
5117
6739
6071
6625
5170
5108
6750
6289
6066
6623
6773
6104
5511
6539
6975
6995
5089
6194
6135
6514
6574
6542
6716
7354
3630
3615
6479
6810
6809
6610
6689
6434
6635
6844
7193
6658
7291
7309
6929
6988
7234
7063
7066
7132
7168
7171
7174
3739
7048
3537
7008
7259
7338
7284
7305
7336
7351
3761
7388
3693
7688
3502
3561
3710
3526
3819
5235
5813
7417
7401
3785
3513
5752
3872
3849
5308
5846
3883
5663
5252
5370
5402
5769
3574
5465
5853
5895
5626
5468
5527
3903
5309
5628
5609
3908
5855
5319
5520
5305
6026
5666
5983
5681
6049
5643
5407
5669
6040
5693
5781
5472
5984
5947
5925
5910
4089
3589
4167
3609
5907
5699
5340
4158
5344
4246
5494
3348
4306
5771
4682
4254
4286
4331
4280
4292
5701
4573
5922
5357
6046
4605
5484
5931
4710
4045
4384
5119
5434
4450
4362
4459
5789
6416
5441
4488
4409
5397
5651
4979
6837
4817
5428
6223
5414
4615
4786
5489
4996
5475
6733
4598
5059
6198
6255
6398
6566
4692
6461
6486
6369
6215
6351
5013
4686
6484
6627
4626
6830
6647
6148
6538
6898
6485
6637
6142
6768
6607
6072
6941
6874
6920
5105
6515
5154
5152
5115
6059
6882
6287
7134
6675
6455
7194
6805
6834
6230
7088
6722
7250
6375
6900
6865
6251
7190
6243
6745
7199
5551
7119
7003
5810
5824
6226
4226
7303
7332
4402
3272
7525
7189
5916
4783
7598
5216
7559
7590
7435
5387
5559
5255
7035
7466
6197
7153
5383
5560
5558
5839
5736
7651
6979
5296
5872
5876
5604
5239
5849
5211
5247
5580
5857
5865
5412
5860
5573
5406
5940
7578
7176
5884
5732
5607
7150
3595
7671
5915
2856
5537
3331
6013
5793
7410
6705
7406
3421
5128
3248
3360
7779
5541
7397
6304
7439
5327
7787
5805
7866
5791
5495
7879
5262
3372
6210
7870
7928
7871
5753
5265
6617
6217
5325
5632
5293
6358
7692
3022
1764
2960
3208
3323
3296
3307
3485
3463
3475
3494
3528
3471
3638
3343
3104
3694
3800
3812
3647
3877
3457
3832
3756
3352
3882
3993
3218
4071
2707
3194
3969
2026
3321
3266
4066
1552
4019
3583
3970
4073
3359
4097
4063
4312
4229
3957
4469
3299
4314
4542
4505
4510
4091
4185
3455
3311
3368
4008
4521
4518
4629
4211
4230
4369
4417
4691
4319
4399
4849
4482
4502
4797
4911
4775
4983
4453
4865
4887
5033
4910
3468
6303
5073
3490
6649
5087
6682
6281
3350
5086
6506
6284
5054
6134
6946
6132
6795
6113
5157
6058
6550
6784
6081
5092
5153
3338
7024
6387
6422
3538
6237
6556
7062
6799
6771
6570
3488
6827
7105
6394
6711
6796
7221
6221
6767
6497
6157
6776
6841
6642
7151
3631
6806
5173
6567
6895
6615
6185
3456
6960
6924
6949
6650
7021
6212
6905
6953
7279
7311
7203
7220
7319
7019
6263
7240
7145
7246
3641
7228
3670
7179
7241
7155
7297
7299
3661
7065
7133
7182
7254
3536
7301
3651
7096
7286
7675
3521
7567
7339
3734
7483
7428
3743
3560
3591
3727
3519
7308
3545
7625
3618
7418
5936
3543
3784
3195
3802
3770
3711
7379
5819
5225
3764
7541
5938
3817
5373
5233
5826
3788
3700
3821
3827
5812
5575
5749
5660
3848
5298
5524
5899
5614
5610
5998
3895
5842
5616
6044
5888
5961
5401
5739
5898
5893
5399
5611
5766
5676
5672
5892
5881
5646
5999
5411
5658
5989
5902
5692
3979
5332
5439
5338
5967
3983
5615
3682
5799
5790
3971
5538
3568
5349
4005
3597
3590
3143
5544
4196
3684
4128
3666
4202
5361
6019
4039
3635
5935
4381
6179
5363
3707
5928
5761
5436
4173
5708
5352
4566
5924
4981
5803
4429
4400
5440
6020
4390
4809
4479
4393
4385
6240
5438
5941
5822
5444
4475
4205
5934
4228
4492
5932
5447
4477
4481
5294
4890
4351
6328
4565
6327
5039
6774
5110
6728
6401
5018
6568
6596
5093
6180
4577
6275
5169
4696
6285
4587
6759
6563
6264
4590
6668
6967
6171
5178
6537
6088
4986
5997
6535
6908
6069
5147
5673
6117
6099
6318
6144
4972
6613
5835
6947
6080
6129
4067
6147
6589
6067
6062
6483
5107
6156
6195
6859
4706
6170
6856
7083
5112
6202
6299
6932
6985
6661
6317
6359
7036
6732
7041
6457
6978
6137
6211
7183
7266
6441
7265
6839
6224
5229
7293
7555
7664
6867
7082
5815
5217
7641
6879
7312
6832
5375
7276
7672
7622
7370
4335
6338
7471
7360
7365
7443
5621
7283
5556
6614
5823
5618
5314
5949
5563
7611
5376
5299
5455
5079
5832
5968
5642
6741
5550
5391
5569
5591
5741
7456
5253
5716
3357
5939
5787
5341
3555
5485
5772
3824
5492
5540
5284
7763
5680
5982
5668
5647
5588
5348
4740
7732
5256
5227
3326
5751
3397
3439
7769
7143
5329
7830
5821
3748
5570
6111
7761
5848
5962
6778
3410
5508
7694
7846
7892
7040
7930
6518
5579
5875
6008
5404
7913
3458
2001
3481
3483
3525
3606
3489
3602
3601
3658
3607
3673
3622
3789
3667
3390
1487
2112
3408
3322
3337
3511
3480
3884
3514
3806
3712
3539
3553
3928
3932
3814
3038
3893
3870
3587
4020
3312
3959
4070
4022
4057
4077
4100
4041
4098
4161
4095
4034
4255
4506
4153
4140
4207
4078
4305
4532
4509
4200
4513
4278
4367
3374
4050
4800
3333
4795
4571
4711
4579
4806
4926
4934
4804
4912
4923
4907
4995
4405
4452
4856
4992
3392
4790
5001
4563
4815
4671
4997
6310
3464
6291
6216
5095
6595
5106
6173
5067
6588
6664
6405
6624
6729
6464
3470
6724
6083
6368
5028
5166
6119
6063
7013
6645
6091
6060
6057
5351
6073
6154
5181
6648
6192
6602
6501
6178
6509
3619
6561
6412
6579
6812
6220
6877
6828
7159
6831
6938
6986
7037
6322
7111
5118
7201
7235
3677
7343
5201
3625
5132
7292
7289
3708
3639
7356
7206
3685
3652
7492
3779
7680
3482
5267
3530
3822
3718
5577
3704
3757
3794
3766
3698
3771
6025
5976
6024
5746
5249
3874
5578
5682
7419
5599
6033
5650
3925
5620
6036
5775
3871
3594
3499
5979
3929
5903
5974
5891
5981
5459
6050
5758
4171
4000
5324
3923
5474
5477
5683
5617
5302
6054
4042
3956
4303
3668
6047
5535
5686
4267
4121
4131
5715
5504
6048
3573
5487
4245
4304
4184
4285
4277
4349
4363
4372
4269
3598
5237
3747
4332
5929
5467
5435
4498
4480
4395
4487
5797
5502
5259
4689
4438
4473
4878
6302
6913
6853
6755
5547
5424
4794
4805
6593
6735
4594
6504
4669
6400
5066
5048
5084
6367
6378
4586
6620
4580
6271
6164
6640
6213
6499
6651
6489
6663
6495
6249
6527
4593
6914
6235
6852
6122
6315
5177
4307
6130
6114
6082
6502
6133
6679
6758
6701
5192
7028
6123
6757
6643
6146
6580
5148
6392
6314
6743
7072
6783
6306
6892
7005
7138
7253
7346
6971
6449
7252
7161
6152
5146
5552
7046
7027
7001
7372
7602
6382
7637
6453
7053
5273
5220
7520
7538
6738
7350
7333
7546
5204
5238
6972
5811
5281
5223
5717
5619
5886
4866
5386
7478
5390
5602
5820
7500
5213
5770
5323
7667
5449
5307
7139
7425
5400
5878
7613
7163
5883
7554
5634
5742
7450
7518
5240
5530
5576
5944
7545
5946
5584
6007
5871
5395
5596
6002
7548
6004
5782
5356
3388
3320
3762
7683
7674
3403
5804
5546
7764
7473
7669
7464
7509
5710
5420
4343
7424
7714
5507
5430
7842
7829
7438
7607
5536
3447
7770
7869
7857
7655
7862
6431
7902
7877
3052
2020
2292
3509
3465
3515
3496
3288
3610
3612
3636
3637
3705
3775
3653
3720
3717
3797
3617
3383
3857
3890
3843
3866
3852
4002
3834
3904
3229
3572
3541
3921
3580
3466
2217
4122
4028
3940
3943
3980
4101
4109
3989
4203
4348
4160
4150
4741
4197
4038
4180
4257
4531
4570
4548
5011
4279
4341
4649
4631
4622
4568
4403
3476
4575
3353
4378
4752
4880
4494
4308
4944
4667
4427
4916
4562
4952
4811
4803
6266
4999
6866
4987
6295
6582
5053
6626
6340
6508
6413
5085
5071
6753
6150
6667
6870
6872
6452
4980
6977
6694
6599
6141
3419
6214
7278
7076
6622
7267
3613
6702
6206
7140
6672
6406
6760
7167
7263
7213
7009
6492
6267
6915
7074
6447
7207
7017
5126
7211
7120
7281
6838
7135
7186
7160
3645
7142
5183
7058
6883
7055
7173
6910
7100
7242
3691
3676
7564
7403
7353
7463
3744
3507
4012
3719
3697
3696
3740
3687
3558
7389
7516
3556
7432
7495
7361
5283
5322
7459
7633
5202
5554
3818
3506
5232
5289
6035
5750
3835
3868
5861
6034
5767
5608
5310
5738
5948
5777
5321
5574
6041
5312
5526
5882
5778
5773
5601
6042
5757
5671
5900
5723
6039
3972
5674
5480
5785
5403
5906
5995
5528
5914
5737
4258
4141
5433
5794
4187
5493
4523
3782
3592
3588
6824
5706
5359
5505
4439
4421
4431
5360
4379
4365
4738
4484
4443
6546
4739
4684
6005
4461
5709
5516
4495
6015
4406
5695
5930
4652
4799
4600
6555
5022
6277
6348
4574
4690
6666
6671
6685
6490
6280
6475
6791
6781
6894
6886
6904
5705
6471
6638
6384
6857
6531
6547
6551
6632
6077
6440
6201
6098
6145
6100
6074
6106
6107
6826
4466
6153
7121
7122
6188
6307
6981
6618
7045
6974
7079
7217
6921
6109
5149
7349
7238
6901
4252
6597
6606
7156
5140
7277
7170
6225
7004
7617
5825
5234
6456
7359
6298
5562
6247
6598
6335
5268
7441
6513
7496
7198
5567
5656
5880
7668
5877
5585
5320
5728
5613
5727
5638
5529
5637
7477
5394
7373
5245
5214
5724
7371
5845
5381
7499
5478
7472
5734
3433
7445
1871
3003
3373
7363
7475
1736
3279
7591
5913
5795
7640
5687
5802
5806
5506
3409
7832
7542
7458
5712
7394
3512
7536
7859
7437
7783
7797
5807
5498
7805
5258
5343
5969
5365
7853
5700
7896
7635
6450
7874
6354
7533
7465
7788
7886
3478
2565
3287
3324
3385
3500
3454
3473
3535
3497
3495
3701
3688
3709
3633
3675
3021
3828
3917
3724
3733
3920
3939
3900
3577
3581
4237
3954
4065
3097
2382
4113
3951
4217
3968
4026
4169
4194
3596
4156
3328
4163
4139
3571
4265
4680
4231
4221
4500
4728
4534
4189
4644
4620
4651
4874
4707
4271
4604
4296
4732
4603
4282
4831
4792
4758
4791
4729
4990
5004
4355
5050
5031
5056
5057
5078
5034
6241
6239
6553
6443
3437
6871
6612
6476
6103
6092
6086
6372
5143
6383
7044
6581
6968
6414
5094
6425
6652
6934
6906
4546
6090
7000
6997
6862
7042
3621
7094
6559
6433
6633
6854
6252
6983
6391
6742
7210
7128
7104
6301
6842
6864
6843
6386
6517
6268
6219
6603
7185
7147
7162
6238
6992
7218
3646
7089
6933
6699
6740
6996
7015
6530
6343
7059
7202
7060
7102
7184
7014
7320
7149
7205
7075
5133
3680
7313
7223
3644
6980
7282
3776
3624
7084
7295
7261
3520
7323
7158
3759
3659
3765
3769
3566
3523
7369
3533
3763
7631
7592
3699
3713
7571
7593
3532
7368
7486
7408
3803
3820
7503
5549
5598
5568
3861
3853
7663
5743
6032
3815
5653
3902
3876
6031
5951
5600
3863
6003
5326
5295
5464
3952
5894
5316
5454
5783
5334
5471
5980
5759
6037
5533
5482
6053
5675
4027
5382
5786
3714
3318
4238
5417
3768
3664
4138
5921
4243
4519
4137
3582
4242
5996
5419
4212
5423
4213
4539
3831
4274
5512
4342
4224
5350
6016
4062
5443
5919
5510
4040
4370
5437
4722
5796
4454
4325
4340
3937
4437
5545
5364
5442
4457
4394
5808
4489
5098
4256
4449
4176
4468
6439
4726
4247
4356
4784
4359
6548
4852
6575
5735
5514
4564
6496
6377
491
476
508
561
710
686
63
558
706
724
143
27
36
177
41
91
60
68
49
47
89
43
209
197
216
115
219
127
746
278
760
257
150
128
93
146
139
180
178
181
188
322
337
182
329
204
345
206
362
386
389
401
256
236
413
263
251
418
246
422
451
456
618
644
213
215
1763
355
1893
399
1838
1876
1816
424
437
441
515
438
1827
1878
1858
1850
431
394
1952
2058
2025
2047
2104
2295
2131
2167
2156
2310
2171
2243
2252
2254
2314
2309
2130
2196
2327
2255
2307
2356
2322
2381
2346
2393
2374
2421
2181
2512
2245
2492
2606
2554
2471
2633
2653
2617
2635
2609
2658
2642
2514
2731
2797
2758
2759
2765
2975
3016
625
576
613
653
600
591
303
377
910
995
1017
1022
977
1069
1111
1106
1029
1131
1142
1144
1161
1179
1178
1214
521
1205
1236
3044
3053
3059
936
3077
3096
1035
1092
1042
570
1073
749
964
3115
1045
1047
783
1062
1081
1030
908
763
993
1096
3122
933
1039
1018
1270
511
769
1316
830
852
837
820
861
824
528
1168
1136
851
878
970
1191
1172
1126
768
777
1184
1257
1244
1255
1415
1319
1245
900
1479
1524
1554
1512
1553
2887
2904
2949
2953
3858
2991
3075
1834
2540
3019
3106
3085
3886
3911
3944
4060
3990
4054
4124
4068
4086
4037
4157
4193
4204
4107
4235
4317
4360
4290
4330
4289
4291
4425
4434
4436
4448
4442
4490
4581
4550
4507
4583
4650
4767
4618
4512
4769
4627
4814
4659
4842
4920
4737
4751
4921
4870
4891
4675
5032
4897
5044
4965
5014
4877
4960
4956
4833
5076
4919
4963
4925
4885
1420
5080
1361
4845
5097
5125
1481
5065
1522
1539
1418
1274
897
1327
1594
983
1392
1443
1442
1538
1529
1351
858
1379
1456
896
1340
1738
1346
1543
1502
1551
1559
1925
1918
1677
1605
1390
1585
1590
1507
1606
1744
1572
1503
2079
1670
1717
1651
1624
1622
1666
1880
2237
1697
1896
2218
2006
1886
2305
1888
2363
2248
2031
2138
2364
1477
1899
2523
2562
1679
2109
1537
1909
2513
2493
1743
2753
2715
2756
2996
3102
2002
3139
1998
3200
3015
2028
2733
2847
1963
2808
2881
3188
2952
3216
2801
3157
3180
1936
3169
1982
3185
3126
3141
3164
2865
2804
3125
2838
3149
2910
3237
2279
2818
3165
3214
3283
3228
5198
2459
2267
2083
2488
2259
1613
2373
2537
2536
2282
2532
2469
2365
2055
2486
3297
2188
2145
2183
2232
2694
2673
2603
2286
2657
2855
2605
2877
2730
2750
2405
2626
2721
2646
3258
2780
2558
3325
2713
3204
3206
2966
3055
3387
3414
3431
1904
3445
3382
2428
2069
3534
560
526
503
510
492
501
513
473
7
717
728
13
732
77
114
123
108
647
113
701
698
707
8
668
39
44
735
85
192
157
18
80
104
73
121
59
38
106
124
149
758
144
168
170
140
82
260
159
193
299
292
308
318
242
224
286
365
408
423
463
549
568
580
434
596
622
646
314
1882
414
1840
449
1865
1877
1821
1807
1938
1990
1967
2014
1974
443
2070
405
2099
2155
2281
2193
2173
2274
2147
2225
2123
2399
2228
2216
2330
2400
2368
2298
2410
2198
2411
2485
2263
2369
2379
2398
2358
2542
2431
2501
2271
2551
2698
2612
2561
2508
2783
2788
2749
2791
2844
2747
2846
2989
2994
2998
654
662
606
621
657
457
2974
611
317
569
3040
301
325
340
531
532
805
519
935
550
488
895
946
911
921
937
973
1049
1065
967
1112
1113
1125
1089
1182
1181
1194
1209
1229
3067
605
959
736
791
794
1048
934
333
1038
1114
556
1005
1232
978
1015
1252
1085
1058
989
1061
1268
1083
1070
914
1124
798
806
1335
862
856
860
817
822
253
996
1091
1055
1116
1186
885
1143
1211
1254
1271
1380
1276
1279
1262
1256
1263
1306
1318
1247
1307
1314
905
1393
891
1450
1476
1532
1330
1353
1526
2928
2927
2850
2938
2903
2907
2857
2968
2491
3000
2511
3916
3014
3899
3032
3010
3011
3100
1996
2702
2462
4143
4126
4031
4120
4115
4047
4061
4104
4103
4215
4013
4261
4249
4268
4263
4368
4415
4451
4423
4491
4612
4525
4608
4658
4761
4760
4660
4647
4694
4582
4838
4623
4725
4908
4834
4862
4688
4778
5030
4886
4881
5124
4904
4873
4859
4854
4977
4930
4937
4863
5047
1347
5077
5100
1362
1578
5160
1397
1550
961
1354
1398
1423
1426
1448
1436
1528
1598
1432
903
1288
1275
1189
1451
1328
1497
1457
1797
1861
1557
1565
1567
1682
1579
1709
1955
1786
1787
1941
2165
1669
1542
2009
2205
2184
1802
1775
2100
1427
1648
1942
2052
1722
2037
1778
2425
2126
2042
1678
2151
2094
2516
2066
2560
1413
1688
1940
1653
1453
1747
1548
2714
2782
2800
3197
2825
2823
1920
2898
2967
2812
2997
3220
2136
3151
2803
3213
3088
3142
2987
2132
2990
2863
3240
2995
2873
2889
3231
3090
2837
3238
3250
2828
3252
3262
2222
2810
2950
2317
2947
5179
3221
3294
2538
2666
1633
1723
2433
2012
2515
2290
2064
2065
2144
2261
2449
2150
2200
2078
2494
2600
2166
1978
2187
2599
2163
2623
1776
2395
2727
2735
2662
1801
2732
2821
3064
1545
3201
2820
2875
2884
2892
2862
3364
2868
2661
2894
3376
3270
3363
3346
2923
3442
3430
2036
2456
2734
3330
477
478
529
669
681
660
684
674
71
78
689
705
692
726
53
90
15
14
10
79
86
194
54
56
199
198
217
211
95
120
255
249
154
175
32
141
153
238
173
164
748
300
205
363
134
310
309
411
200
229
250
348
341
358
450
527
369
454
583
581
626
639
186
221
609
233
1750
1766
1752
1753
373
1782
391
1831
1864
1868
427
1891
406
404
445
1919
1833
1809
1847
1845
433
436
1808
1929
396
1937
1957
2057
2022
2075
402
2247
2340
2209
2324
2429
2212
2323
2326
2227
2316
2385
2370
2325
2467
2269
2230
2367
2219
2426
2415
2408
2430
2361
2414
2377
2186
2404
2477
2591
2500
2221
2664
2659
2677
2667
2638
2689
2720
2784
2969
2984
3007
3012
562
212
545
610
459
3045
496
378
383
374
917
846
991
1002
979
952
3043
1051
1063
1167
1177
1196
1222
1223
1240
3049
931
3068
3060
3103
3093
1059
974
1090
1023
536
782
331
915
575
1009
1076
1150
799
1286
1293
1149
834
807
804
1331
1336
802
841
808
813
815
825
823
1359
440
871
987
944
888
1171
997
1064
1242
1200
1226
1020
765
877
1296
892
1311
1461
2859
2778
2146
3002
2978
2985
2993
3027
3913
3030
3069
3065
3071
3005
3878
3880
3963
4165
4166
4117
4085
4106
4049
4080
4142
4192
4311
4357
4318
4321
4407
4337
4419
4433
4472
4609
4561
4646
4777
4585
4634
4628
4616
4713
4636
4606
4553
4654
4810
4569
4733
4903
4876
4749
4844
5020
4905
4836
4900
4888
5026
4663
4858
4666
4677
4648
4695
4975
4949
4974
5002
4953
4879
4883
4967
4946
4941
4976
4901
4942
4970
4927
4871
1462
1494
1433
1493
5129
1575
5139
1492
1582
1322
1339
1662
1333
1349
1337
1372
1515
1530
1534
1332
1363
1455
1469
1791
1556
1892
1879
1921
1917
1857
1445
1520
1676
1765
1610
1623
1690
1657
1634
2162
1667
1758
2172
1701
1837
1789
1796
1866
2093
1729
2268
1832
1772
1889
2375
1643
1824
1894
2383
2044
2339
2114
2506
2452
1992
2214
2668
1742
2712
3145
2930
2917
2849
3176
3167
2133
3178
3173
3035
2195
2798
3227
2895
2891
2819
3256
3243
1459
2438
3274
3232
5180
3282
2287
2468
2455
2593
1980
3179
2610
1987
2106
2034
2262
2403
2577
2215
1944
2442
2354
2785
2116
2409
2355
2458
2447
2518
2446
2189
2473
2585
2691
2710
2742
2297
2743
2848
2775
2939
3225
2867
3275
3336
3242
3267
3084
3345
3405
3429
3425
3453
3451
2498
1818
2332
2901
3395
2726
2840
3407
3549
3448
3391
546
520
538
557
498
499
493
482
573
22
712
695
6
714
94
100
715
704
20
30
72
58
84
9
33
61
35
220
92
240
232
160
261
272
142
273
132
244
266
26
75
208
297
201
336
210
407
110
259
125
276
397
283
339
304
359
376
372
328
452
453
537
535
393
567
601
604
643
630
635
648
1692
1691
342
1792
1798
316
1873
400
370
410
1870
1811
1815
1810
1924
1975
2010
1962
2051
1956
2021
1999
1997
2015
2038
2013
2082
2039
2046
2073
2062
2152
2164
2335
2283
2190
2224
2244
2276
2416
2306
2204
2266
2465
2378
2278
2328
2380
2250
2412
2423
2474
2451
2517
2567
2347
2476
2625
2557
2639
2231
2595
2697
2597
2548
2613
2481
2552
2615
2704
2620
2650
2643
2586
2685
2709
2717
2772
2736
2762
2793
2814
2748
2842
2830
584
2999
553
563
559
321
597
290
271
3039
330
607
541
950
980
975
1026
3047
1037
1140
1036
1088
1166
1176
1203
1204
1212
1238
3057
3062
323
3073
3108
3109
738
780
1028
773
719
928
740
1000
1046
1084
713
1041
793
664
1013
947
656
21
999
623
945
172
305
1120
906
930
965
1121
1031
795
1312
828
857
810
827
859
1360
1358
658
640
880
923
867
1115
887
1119
870
879
1138
920
1095
1233
1230
1291
1294
1305
1272
1301
1259
1400
1382
1536
1511
2843
2475
2853
2520
3001
3037
3008
3031
3091
3061
2929
2621
3117
3891
3887
3892
3901
3974
4048
3976
4007
4110
4087
3998
4175
4146
4053
4004
4055
4096
4219
4347
4327
4391
4338
4411
4397
4426
4435
4444
4440
4445
4428
4470
4522
4478
4617
4656
4822
4773
4703
4709
4734
4898
4808
4882
4673
4819
4676
5029
5036
4685
5019
4846
4958
5008
4843
4940
4875
5055
4959
1399
5061
1470
1501
5144
1560
1525
1388
4984
1411
1416
1370
1385
663
1235
1674
1368
1217
1739
1751
1547
1405
1394
1748
1749
1467
1773
1430
1458
1475
1496
1853
1887
1906
1564
1574
1441
1439
1592
1391
1600
1706
1699
1965
1612
1616
1654
1621
1933
1625
1645
1777
2203
2178
2176
1720
2359
1927
1916
1903
2242
1884
1696
1930
1587
1913
2444
2466
2489
2524
2490
1483
2601
1707
2630
2644
1754
2716
2723
2739
1961
2692
3193
2829
3124
3196
2019
2564
2986
2121
3148
3170
2647
3041
2839
3166
2916
2809
3138
2858
2275
3017
2869
5167
1491
3265
1499
3261
2931
1463
2258
1911
5193
2170
2270
2060
2202
2056
1991
2208
2023
2534
2526
2345
2480
2413
2571
2387
2636
2390
1721
2048
2711
2285
2665
2771
2773
3182
2763
2779
3217
2293
2769
3254
3371
3199
3198
3379
2407
3416
2005
3449
2124
3398
3222
3132
3547
3399
524
507
676
475
565
675
693
716
727
83
671
74
703
699
700
11
697
711
131
28
51
97
88
76
31
40
226
99
222
109
227
761
138
135
757
137
130
161
747
133
126
754
147
280
762
203
191
352
368
388
167
50
234
248
230
269
279
306
312
398
387
447
349
460
564
578
384
577
602
614
617
661
627
629
672
683
638
214
666
670
1695
734
1703
1698
1710
245
1726
1728
1745
1761
1762
1783
1848
1779
446
442
403
461
364
504
361
1874
1855
1851
1839
1923
1825
379
2007
1970
2063
2097
2090
2223
2336
2299
2313
2303
2256
2241
2321
2253
2424
2460
2386
2210
2128
2457
2392
2362
2351
2366
2353
2418
2349
2608
2547
2201
2544
2618
2688
2628
2648
2631
2521
2675
2722
2740
2757
2816
2817
2956
2983
555
547
3018
3025
540
588
497
485
326
637
395
354
3033
3028
912
522
940
382
472
982
1025
1077
1097
1159
1155
592
1032
1199
1227
3054
1224
1234
3072
3051
1019
1071
789
948
932
1033
753
784
972
926
102
1094
1068
968
767
786
792
483
571
1100
1079
1072
1117
781
1158
1289
1147
803
1156
801
800
1343
836
829
821
835
819
886
1127
875
929
855
1375
1057
1207
1216
1225
1208
1218
1258
1269
1246
1434
1480
1533
2792
2103
2913
2954
2925
3894
3946
3949
4133
3977
4125
4044
4135
4043
4183
4132
4111
4155
4084
4250
4270
4284
4283
4326
4300
4432
4424
4625
4645
4503
4533
4588
4643
4635
4679
4599
4527
4812
4664
4816
4825
4818
4672
4515
4701
4687
4757
4655
4864
4780
4895
4641
5052
5037
4832
4766
4754
5064
4961
4896
4915
5010
4909
4962
4933
4938
4924
4950
1473
5021
5091
1384
4483
5145
1535
1412
1170
5138
1409
1087
1101
1021
1193
1425
1377
1428
1396
1219
1325
1344
1304
1386
1348
1250
1466
1260
1489
1781
1794
1558
1561
1637
1540
1660
1446
1568
1577
1580
1650
1700
1631
2141
1689
1417
1627
1626
2185
1656
1823
1630
2054
1912
1829
1948
2194
1757
1931
1953
2319
1350
1934
2432
2344
1799
2134
1841
2137
2143
1826
2470
2527
1435
2649
1711
2670
2746
2752
3129
3135
2802
1977
2948
1988
3107
2976
3034
3130
3140
3212
3155
3187
3205
3159
2805
3230
3092
3257
2851
3114
3009
2822
2902
3264
3260
2213
3175
3223
3268
2880
3281
3286
2308
5172
5185
5196
5186
1517
1601
2059
2096
2101
2580
2507
2505
2478
2529
2575
2376
2503
2510
2220
2343
2496
2556
2522
2169
2450
2105
1569
3089
2683
2640
1768
1843
2751
2690
3133
3234
3156
2871
2882
3315
2695
3247
2233
2724
3236
3365
3285
2864
3358
3386
2964
3428
3434
3443
2495
3441
1966
1905
1983
2566
3446
3461
2637
2834
2579
3404
3244
2035
3119

