Jobs
129
1
5
739
1202
1083
527
852
744
720
381
577
519
897
728
727
746
986
423
590
712
580
971
596
733
1008
871
601
573
1050
489
754
485
755
890
376
779
938
565
701
653
829
432
523
830
416
826
751
410
372
391
435
788
811
554
934
370
649
644
943
450
532
456
805
667
923
792
513
945
802
679
463
958
457
753
537
812
952
680
533
666
422
914
916
501
913
630
1044
1055
624
625
483
1047
626
1174
1190
1175
337
1166
321
308
306
279
284
224
1117
220
221
1114
1095
267
261
219
160
212
187
166
189
169
165
185
186
110
158
156
86
83
140
109
154
103
112
151
57
68
34
32
50
43
27
1063
1056
15
22
9
19
585
1209
1125
1193
1210
481
1057
30
854
740
1029
859
594
1004
878
876
598
587
579
725
479
583
877
882
968
503
576
490
622
889
835
832
567
831
216
320
413
825
691
941
524
390
515
528
683
464
439
928
468
810
544
118
535
399
545
688
682
394
804
419
905
358
759
491
886
757
614
750
899
900
1009
322
384
326
1192
1187
345
338
331
1171
1199
298
1163
1162
307
302
291
290
1128
230
243
248
231
1111
1120
1119
1103
1097
1106
208
203
200
209
188
174
88
143
82
117
1065
114
96
108
149
54
67
42
64
56
59
40
23
380
76
256
28
2
1067
872
715
1207
470
929
21
1149
1201
1143
1099
1145
1141
1087
724
127
484
543
581
584
721
875
845
613
716
474
741
998
981
1025
717
813
726
1041
476
869
1045
266
575
969
844
904
892
912
698
566
487
696
837
695
827
643
794
664
781
816
657
782
514
927
752
961
791
819
511
652
427
618
401
930
956
681
541
686
387
451
462
799
393
397
430
661
662
824
424
623
1046
638
906
616
909
749
385
351
334
347
1200
1196
1179
314
1169
339
1157
1168
1155
1150
285
242
1139
1134
229
246
228
233
273
234
1116
1126
31
1110
1107
1101
1094
250
1079
252
1082
1075
78
207
214
179
182
199
101
119
115
177
191
106
104
100
132
159
77
153
98
85
141
142
145
24
66
46
33
1059
542
268
473
605
417
336
1206
1180
1204
255
225
1100
1185
1183
853
480
1124
467
1002
756
868
849
582
1080
697
858
1016
1037
763
1020
881
973
990
658
600
711
722
1007
850
867
257
1036
1003
894
1006
863
866
637
843
710
709
841
1049
350
572
620
704
516
828
659
786
776
426
797
933
438
452
531
449
521
921
433
950
546
944
522
821
383
548
458
386
443
454
673
71
789
678
674
310
556
530
461
796
787
663
506
918
1053
919
771
635
980
764
915
496
631
495
629
676
317
318
1189
1188
333
1176
1178
1197
304
297
1159
312
311
278
277
281
1123
238
232
236
275
1113
1105
1109
262
217
1073
211
204
171
172
79
184
176
92
89
120
94
134
72
70
6
1051
69
53
60
48
1062
13
440
270
226
469
603
367
561
1035
1211
124
441
373
1165
482
1161
1203
1181
1213
1205
1151
994
1091
1089
1135
1098
1137
983
862
851
588
592
737
984
1034
1024
1023
977
604
995
1022
550
879
987
610
734
992
857
870
999
873
593
536
595
713
736
599
861
591
1021
611
732
967
708
1060
891
1048
571
703
656
942
466
838
834
798
414
447
563
562
369
693
366
931
647
525
437
795
935
669
670
655
478
671
783
940
651
459
406
646
551
823
636
778
520
429
677
807
619
403
660
460
510
690
888
648
553
549
408
518
654
800
388
822
507
494
504
769
896
352
767
768
907
355
499
762
357
628
883
748
1011
325
375
324
409
1191
313
295
1195
1186
346
296
341
1164
1167
1158
1146
287
1144
1140
235
239
1136
247
244
223
1108
1096
1081
263
265
1078
1084
1074
1071
215
202
1070
163
147
136
192
111
164
25
73
128
99
133
90
1052
137
138
7
36
63
10
8
47
58
62
379
3
1005
609
559
1000
1212
1208
1118
29
1093
865
1064
1076
1039
650
964
997
714
976
319
855
978
1031
1030
743
847
745
1018
606
842
966
396
627
970
932
706
911
965
382
833
568
699
947
560
411
412
790
954
547
925
937
951
448
814
400
475
887
809
687
539
675
540
538
801
398
431
953
446
948
389
893
640
1013
1033
766
500
361
765
917
908
639
895
309
327
359
1090
1182
330
340
335
1194
344
1177
1147
315
1154
292
294
1132
1138
1130
271
245
258
240
1127
1133
80
222
1102
1088
1092
1086
249
253
1077
260
193
95
1069
197
175
180
173
178
1066
152
81
155
157
135
107
75
93
91
123
105
130
113
121
116
150
148
74
144
65
45
1061
41
1054
26
14
17
12
885
4
730
946
1026
1214
102
700
777
1129
707
738
719
1032
723
988
612
989
972
860
856
602
974
985
1017
979
472
996
880
371
839
846
570
486
836
425
949
564
694
415
558
645
806
444
957
436
665
434
820
517
685
955
395
815
505
962
323
960
555
808
529
509
557
668
328
936
775
421
642
774
773
772
920
365
360
634
356
803
488
718
353
758
910
903
615
1043
329
378
368
1198
300
1160
1172
343
332
348
293
1184
1156
1152
289
280
288
286
283
1142
241
276
1122
1121
1112
1085
254
218
259
213
198
195
87
196
131
162
1068
161
97
146
139
55
52
49
38
51
37
269
126
227
190
125
18
471
1019
991
354
632
498
1010
526
512
418
183
1173
1072
586
735
1028
902
874
848
689
1001
477
747
607
926
1040
975
597
589
672
633
731
1038
982
729
898
742
608
1027
993
864
316
840
404
574
1015
492
1012
621
705
963
349
702
569
692
168
939
780
959
508
793
442
465
428
901
1014
445
455
552
402
924
392
784
453
684
818
405
785
377
817
534
420
641
922
363
362
364
770
497
502
493
760
884
761
617
578
1042
1131
407
299
305
342
1170
1148
301
303
1153
282
272
237
274
1115
1104
251
264
210
205
206
167
122
181
170
201
194
84
61
44
35
39
1058
20
16
11
374

