Jobs
3
2029
1956
2011
2008
2024
2005
1996
2025
1815
1947
1928
1934
1933
1902
1905
1887
1694
1848
1842
1764
1866
1756
1810
1855
1780
1802
1720
1840
1759
1662
1836
1819
1749
1747
1807
1793
1638
1737
1665
1741
1736
1724
1637
1678
1652
1634
1621
1617
1646
1610
1611
1605
1602
1599
1604
1588
1592
1567
1555
1615
1651
1580
2057
1550
2059
1347
1451
1484
1297
1296
1287
1254
1114
1128
1008
1288
1241
1214
1276
1092
1057
1051
1258
1096
864
821
842
922
1181
1448
993
869
588
969
2070
2049
2073
2045
2066
1200
1998
12
1547
1524
1275
1458
1483
1334
1283
1324
1285
1349
1318
1277
1266
1257
97
1265
276
330
1262
160
85
302
134
259
319
322
170
339
45
164
1196
337
231
65
1246
78
718
148
534
304
25
1198
7
1194
247
636
785
219
142
444
77
317
100
793
241
88
641
95
269
417
371
56
17
664
206
600
899
1223
620
438
614
618
249
146
1501
183
1175
884
1145
906
882
591
53
989
980
912
971
992
998
1018
958
936
880
767
800
773
787
513
456
1431
1423
704
740
709
726
724
701
681
672
668
590
617
637
497
568
522
521
530
580
457
469
460
409
399
1389
380
396
397
385
366
358
355
348
343
63
1405
1402
1401
1323
1339
1328
1270
1133
1130
1119
1118
1111
1090
751
1064
621
929
853
854
597
1077
893
891
741
691
737
1068
1058
1063
1045
1034
1040
1030
895
1948
1973
2028
1989
2035
2001
2006
1993
1916
1922
1943
1921
1923
1908
1893
1884
1773
1817
1846
1771
1870
1872
1698
1834
1776
1706
1818
1680
1725
1729
1829
1620
1622
1858
1779
1830
1679
1666
1670
1608
1692
1718
1683
1650
1623
1672
1627
1616
1606
1587
1591
1583
1553
1552
1574
1643
1631
1566
1645
1570
1632
1705
934
1545
1535
2041
1549
1468
1384
1341
1454
1303
1314
1309
1321
1247
855
961
1022
857
960
1079
1235
955
833
827
865
1006
860
862
595
926
338
1000
1823
1542
1513
1541
1522
1496
1520
1274
1486
1509
1492
1390
1480
192
1300
1406
1433
1460
174
1304
1307
58
282
127
237
178
1252
175
347
658
295
220
1202
367
363
754
1239
75
297
115
254
64
113
36
71
810
135
245
323
39
476
81
22
246
69
109
1187
119
605
655
233
10
91
652
1158
1152
1160
1146
867
892
413
1149
1016
585
1012
1564
985
945
943
938
834
819
1526
1511
352
635
756
659
640
1452
1444
601
464
467
466
722
688
711
715
720
700
697
682
667
670
630
638
627
626
593
517
552
547
539
537
487
541
509
587
504
495
449
446
430
431
415
394
362
1411
1410
1391
1371
1373
1340
1338
1125
1109
602
987
1003
805
914
736
924
937
874
765
828
1028
1038
1033
1026
1659
2034
1713
1939
2017
1862
1935
1983
2000
1965
2003
1970
2022
2007
2016
1937
1931
1986
1925
1950
1915
1889
1910
1832
1881
1854
1796
1806
1774
1748
1805
1857
1721
1831
1735
1799
1696
1801
1795
1763
1825
1691
1723
1710
1757
1811
1753
1715
1613
1695
1681
1655
1579
1641
1612
1596
1585
1561
1589
1562
1568
1571
1539
1475
1427
1626
1282
1207
1260
1190
967
1170
1180
1099
976
954
965
881
1230
859
861
871
2058
1147
1537
1663
1527
2043
1510
1538
1544
1231
1485
1420
129
1418
1419
1413
153
1301
37
211
306
1497
47
15
49
300
131
327
284
1289
132
18
173
156
255
1256
35
229
107
707
184
262
315
764
702
210
375
279
23
13
54
94
310
180
772
34
265
1233
293
55
806
244
216
143
32
93
278
666
1203
631
511
165
263
529
401
181
612
1221
80
651
545
1186
1188
1178
1173
684
950
1154
1151
1122
902
826
888
1070
1100
984
932
915
1017
1014
1011
970
908
905
811
789
786
744
1487
1477
1471
390
533
406
523
472
1430
694
369
669
661
604
607
633
535
613
565
540
551
499
528
525
510
454
488
484
421
458
447
440
433
376
412
402
1392
1394
408
374
389
386
377
373
1412
150
1382
1370
1351
1335
1332
1326
1329
1148
1126
1127
1104
1084
1093
1097
634
812
581
974
578
917
779
678
717
849
1050
553
1069
1049
1059
1056
492
1029
5
2
2010
2033
2013
1812
2009
1985
1968
1991
1966
1994
2037
2012
1995
1982
2019
1984
1938
1927
1909
1894
1903
1914
1899
1885
1886
1876
1871
1873
1826
1797
1792
1744
1732
1728
1767
1688
1859
1822
1790
1702
1786
1734
1671
1639
1667
1575
1598
1595
1577
1582
2061
2065
2072
1449
1362
1357
1345
2060
1306
1292
1280
1243
1291
1273
1192
931
1218
997
1032
1053
6
981
434
506
61
16
124
2048
2050
2042
1244
1322
1183
1467
1352
321
41
1268
228
82
1447
238
1455
239
227
138
318
48
1432
236
130
266
50
46
21
213
230
1251
14
209
759
222
344
103
19
543
9
20
794
361
451
436
111
43
687
102
574
137
60
760
505
225
167
290
1212
67
316
157
649
198
106
452
1219
379
1226
639
1168
1156
887
839
866
847
863
903
422
870
679
1021
928
830
1020
1088
1013
990
1080
1095
1551
1019
897
1548
959
925
845
840
818
1523
823
778
1529
1521
732
1514
1507
807
795
783
780
1482
1481
1456
548
1422
393
738
729
728
705
703
611
648
582
625
579
556
508
519
489
479
473
443
427
437
359
432
410
400
388
354
360
342
1378
1374
1369
1375
1346
1344
1316
1342
1331
1330
1142
1131
1120
1087
1098
474
1062
734
575
710
520
576
979
1067
1065
814
1929
2040
1619
1999
2038
2032
1901
1990
1957
1961
1987
1969
1967
1972
1975
1932
1944
1936
1911
1900
1897
1890
1701
1690
1874
1877
1742
1726
1772
1814
1758
1863
1816
1722
1770
1693
1800
1835
1711
1841
1674
1833
1700
1709
1845
1750
1687
1745
1730
1668
1850
1738
1660
1642
1664
1636
1657
1624
1609
1601
1586
1649
1644
1559
1558
1150
1299
2064
1388
1298
1311
1279
1089
1199
1094
1035
951
907
994
909
829
1201
1171
777
671
51
1165
531
1528
2051
2055
313
2044
2056
1037
1236
1354
2074
1269
325
84
200
30
1263
214
199
155
1505
151
270
235
1284
1249
195
1255
194
450
515
176
201
68
118
453
573
320
145
38
1215
179
288
311
1213
1195
136
40
26
44
803
215
98
261
186
31
248
161
407
240
187
329
335
264
1204
110
189
1232
1222
1174
1172
1169
1138
986
901
910
1081
554
877
875
920
835
1071
1027
1108
1091
763
963
747
995
654
1560
813
1519
1533
1508
758
1515
752
566
804
798
797
770
769
761
755
699
1490
1472
1464
1457
1461
1437
1442
727
723
680
674
657
1399
514
512
490
470
516
496
518
416
391
395
370
345
1397
105
1404
1398
1383
1363
1350
1348
1083
1123
1121
1101
753
1105
1086
1076
851
919
253
935
1048
610
632
629
622
927
716
603
802
841
712
762
1055
1054
1042
1039
975
172
1
2030
1607
1959
2020
1964
1978
1981
1953
1960
1963
1924
1913
1907
1896
1891
1895
1689
1880
1878
1761
1794
1775
1868
1809
1743
1789
1635
1697
1768
1752
1787
1765
1844
1754
1782
1769
1777
1839
1821
1712
1714
1653
1661
1658
1625
1614
1603
1597
1554
1569
1576
1563
1499
1489
1543
1381
1358
1295
1308
1315
1102
1210
1240
1161
1113
941
1072
848
856
957
1163
1220
918
1085
332
766
217
1531
2052
2053
1942
1469
1272
1238
1512
1462
89
1450
1466
128
1441
191
1305
1446
1372
1424
83
112
101
275
328
169
232
281
162
207
596
305
120
1253
378
501
1234
689
364
411
435
250
480
294
299
260
563
660
561
182
185
418
33
776
273
1193
268
70
277
477
121
86
353
624
589
334
1227
1217
1182
1141
1115
911
878
885
956
445
619
844
572
983
1004
1557
913
948
923
836
831
820
790
1534
782
771
1530
1518
387
1503
1491
757
748
1479
1478
1459
1470
1443
1434
382
1414
405
731
706
690
686
562
555
502
527
485
455
491
465
365
428
426
414
1393
1386
384
357
346
340
1403
1361
1359
1327
1110
1052
606
933
1074
1073
801
569
946
1005
879
584
1047
733
571
2027
2036
2026
1954
2039
1912
1980
1976
1992
1949
2004
1971
1952
1997
1788
1920
1946
1898
1904
1888
1677
1867
1883
1882
1865
1778
1875
1861
1820
1766
1785
1803
1755
1828
1783
1827
1813
1838
1733
1808
1704
1628
1798
1852
1716
1717
1740
1703
1731
1849
1669
1684
1686
1682
1618
1629
1600
1590
1584
1578
1630
1573
2067
1565
1647
1536
1429
1440
1416
1379
1343
1317
1290
1281
1177
1157
815
1144
1024
890
1143
825
1001
730
1376
616
1488
822
739
463
159
876
27
74
725
2069
2047
2071
2063
202
108
1476
1493
1302
1278
1417
1356
1425
1313
285
90
114
303
1498
296
1286
784
212
57
645
24
1250
1267
149
190
650
286
158
546
381
1228
283
267
564
66
429
274
309
1224
475
1506
73
336
696
314
1216
256
425
140
152
92
117
234
205
298
144
324
292
203
481
1208
1184
1189
1185
608
1139
1176
1162
883
558
586
996
1023
1009
1010
999
968
964
966
962
988
942
952
843
816
846
1517
1504
809
808
796
788
774
768
792
745
1474
598
1435
383
1426
1421
1415
350
721
698
742
695
673
663
646
642
628
592
570
544
567
560
559
507
542
459
494
493
482
478
442
420
419
423
392
1400
372
356
351
193
1380
1364
1320
1337
1336
1325
1140
1129
1107
1112
1103
973
1025
977
746
930
331
708
858
921
692
904
837
991
599
886
693
713
1043
4
1962
1951
1958
1762
2015
2031
1556
2014
2002
1979
1977
1919
2023
1974
1945
2021
1955
2018
1917
1988
1918
1930
1940
1926
1941
1892
1906
1864
1699
1869
1837
1853
1760
1804
1856
1719
1860
1751
1824
1843
1708
1707
1791
1727
1781
1847
1851
1676
1746
1640
1685
1656
1673
1654
1675
1593
1594
1633
1648
1581
1572
1540
1739
1784
1408
1385
1365
1333
1310
1294
1293
1237
1271
1136
1155
1167
1124
972
1117
982
889
850
817
953
824
947
1153
735
242
11
439
271
2046
1525
2054
2068
2062
1879
301
1377
1463
1445
1007
1436
1368
1312
287
1439
471
1319
1500
1242
1395
1264
1261
196
272
72
326
188
1495
1494
154
133
42
1259
171
243
503
549
1245
683
197
1248
62
526
1229
168
257
252
123
1205
224
204
223
141
312
1206
147
208
52
87
289
139
623
280
28
221
557
1191
116
29
1211
258
307
79
538
177
291
1209
125
218
1197
59
486
781
76
99
8
126
226
166
251
647
122
1502
163
1225
308
462
104
1179
1166
1164
1159
498
873
1137
1002
898
1132
896
483
403
872
1060
615
852
838
1046
799
978
1546
1015
949
939
944
916
1532
1516
750
749
676
1465
1473
1453
1428
1438
743
719
685
675
653
656
643
662
594
609
583
577
550
532
536
448
524
500
461
468
424
441
404
398
368
349
341
333
1409
1407
1396
1387
1366
1360
1367
1355
1353
1134
1135
1106
1116
665
1082
894
1078
1075
940
714
677
791
868
900
644
832
775
1066
1061
1041
1036
1044
1031
96

