,0
0,102
1,1037
2,1040
3,1041
4,1048
5,1049
6,1050
7,1051
8,1052
9,1054
10,1056
11,1057
12,1058
13,1061
14,1062
15,1063
16,1064
17,1065
18,1066
19,1070
20,1071
21,1072
22,1073
23,1076
24,1078
25,1079
26,1080
27,1081
28,1083
29,1086
30,1087
31,1088
32,1091
33,1092
34,1093
35,1094
36,1097
37,1098
38,1099
39,1100
40,1101
41,1104
42,1105
43,1107
44,1111
45,1112
46,1114
47,1115
48,1116
49,1117
50,1118
51,1119
52,1120
53,1123
54,1124
55,1125
56,1129
57,1131
58,1133
59,1134
60,1136
61,1141
62,1144
63,1151
64,1152
65,1153
66,1155
67,1162
68,1170
69,1172
70,1174
71,1175
72,1176
73,1179
74,1181
75,1182
76,1191
77,1192
78,1193
79,1194
80,1196
81,1199
82,120
83,1202
84,1206
85,1207
86,1208
87,1210
88,1211
89,1212
90,1213
91,1214
92,1216
93,1224
94,1229
95,1237
96,183
97,191
98,193
99,200
100,21
101,223
102,224
103,228
104,346
105,504
106,586
107,667
108,748
109,829
110,86
111,991
112,10
113,100
114,1003
115,1004
116,1005
117,1006
118,1008
119,101
120,1010
121,1011
122,1013
123,1015
124,1019
125,103
126,1039
127,104
128,105
129,106
130,1067
131,1068
132,1077
133,108
134,1084
135,1085
136,109
137,1096
138,11
139,110
140,1103
141,111
142,1110
143,112
144,1127
145,113
146,1132
147,114
148,1140
149,1142
150,1145
151,1146
152,1147
153,1148
154,1149
155,115
156,1150
157,1159
158,116
159,1163
160,1164
161,1165
162,1167
163,1168
164,1169
165,117
166,1171
167,1177
168,1178
169,118
170,1183
171,1184
172,1188
173,1189
174,119
175,1190
176,12
177,1200
178,1204
179,1215
180,1217
181,1218
182,122
183,1221
184,1222
185,1223
186,1225
187,1226
188,1228
189,123
190,1231
191,1232
192,1238
193,1239
194,124
195,1240
196,1243
197,1244
198,1245
199,1246
200,1247
201,1248
202,125
203,1250
204,1251
205,1253
206,1254
207,1255
208,1256
209,1257
210,1259
211,126
212,1260
213,1262
214,1263
215,1264
216,1266
217,1267
218,1268
219,1269
220,127
221,1270
222,1272
223,1273
224,1275
225,1276
226,1277
227,1278
228,1279
229,128
230,1280
231,1281
232,1282
233,1283
234,1284
235,1285
236,1286
237,1289
238,129
239,1290
240,1292
241,1293
242,1294
243,1296
244,1298
245,1299
246,13
247,130
248,1300
249,1302
250,1304
251,1305
252,1306
253,1307
254,1308
255,1309
256,131
257,1310
258,1311
259,1313
260,1314
261,1315
262,1317
263,1318
264,1320
265,1322
266,1323
267,1325
268,1326
269,1327
270,1329
271,133
272,1331
273,1332
274,1333
275,1334
276,1335
277,1336
278,1338
279,1339
280,134
281,1340
282,1341
283,1342
284,1343
285,1344
286,1345
287,1348
288,1349
289,135
290,1351
291,1353
292,1354
293,1355
294,1357
295,1358
296,1359
297,136
298,1360
299,1362
300,1363
301,1364
302,1365
303,1366
304,1367
305,1368
306,1369
307,137
308,1371
309,1373
310,1374
311,1375
312,1376
313,1377
314,1378
315,138
316,1380
317,1381
318,1382
319,1383
320,1385
321,1386
322,1389
323,139
324,1390
325,1391
326,1394
327,1395
328,1396
329,1397
330,14
331,140
332,1400
333,1401
334,1402
335,1404
336,1407
337,1408
338,1409
339,1412
340,1416
341,1419
342,1420
343,1421
344,1422
345,1423
346,1424
347,1425
348,1426
349,1427
350,1428
351,1429
352,143
353,1431
354,1432
355,1434
356,1435
357,1436
358,1437
359,1438
360,1439
361,144
362,1443
363,1445
364,1446
365,1447
366,1448
367,1449
368,145
369,1450
370,1452
371,1453
372,1454
373,1455
374,1457
375,1459
376,146
377,1460
378,147
379,148
380,149
381,15
382,150
383,151
384,152
385,153
386,154
387,155
388,156
389,157
390,158
391,159
392,16
393,160
394,161
395,162
396,163
397,164
398,165
399,166
400,168
401,169
402,17
403,170
404,171
405,172
406,175
407,176
408,177
409,178
410,179
411,18
412,180
413,181
414,185
415,186
416,188
417,189
418,19
419,190
420,194
421,195
422,197
423,198
424,199
425,20
426,201
427,202
428,203
429,204
430,205
431,206
432,207
433,208
434,209
435,210
436,212
437,213
438,214
439,215
440,216
441,217
442,218
443,22
444,221
445,222
446,225
447,227
448,229
449,23
450,231
451,234
452,235
453,236
454,237
455,238
456,239
457,24
458,240
459,241
460,242
461,243
462,244
463,245
464,246
465,247
466,248
467,249
468,25
469,250
470,251
471,253
472,254
473,255
474,256
475,257
476,259
477,260
478,261
479,262
480,264
481,266
482,267
483,268
484,27
485,271
486,272
487,273
488,274
489,276
490,277
491,279
492,28
493,280
494,281
495,282
496,284
497,285
498,287
499,288
500,289
501,29
502,290
503,291
504,292
505,293
506,294
507,295
508,296
509,297
510,298
511,299
512,30
513,300
514,301
515,302
516,303
517,305
518,306
519,307
520,308
521,309
522,31
523,310
524,311
525,313
526,314
527,315
528,316
529,317
530,318
531,319
532,32
533,320
534,321
535,322
536,323
537,324
538,325
539,326
540,327
541,328
542,329
543,33
544,330
545,331
546,332
547,333
548,334
549,335
550,336
551,337
552,338
553,34
554,340
555,344
556,349
557,35
558,350
559,351
560,352
561,353
562,354
563,356
564,357
565,358
566,359
567,36
568,360
569,361
570,362
571,363
572,366
573,367
574,368
575,369
576,37
577,370
578,371
579,372
580,373
581,374
582,375
583,377
584,378
585,379
586,380
587,382
588,383
589,384
590,386
591,387
592,388
593,389
594,39
595,390
596,391
597,392
598,393
599,394
600,395
601,397
602,398
603,399
604,40
605,400
606,401
607,402
608,403
609,404
610,405
611,406
612,407
613,408
614,409
615,41
616,410
617,411
618,412
619,413
620,414
621,415
622,417
623,418
624,419
625,42
626,420
627,421
628,422
629,424
630,426
631,427
632,428
633,43
634,430
635,431
636,432
637,433
638,434
639,435
640,436
641,439
642,44
643,440
644,441
645,443
646,444
647,445
648,446
649,448
650,449
651,45
652,450
653,451
654,453
655,454
656,455
657,456
658,457
659,458
660,459
661,46
662,460
663,461
664,463
665,464
666,465
667,466
668,467
669,468
670,469
671,47
672,470
673,471
674,472
675,473
676,475
677,476
678,478
679,479
680,48
681,480
682,481
683,483
684,484
685,485
686,486
687,487
688,488
689,49
690,490
691,491
692,492
693,493
694,494
695,495
696,497
697,498
698,50
699,503
700,506
701,509
702,51
703,52
704,53
705,54
706,55
707,56
708,57
709,576
710,58
711,580
712,582
713,584
714,587
715,589
716,59
717,590
718,592
719,599
720,6
721,60
722,601
723,605
724,61
725,610
726,613
727,614
728,615
729,63
730,64
731,65
732,651
733,66
734,67
735,68
736,688
737,69
738,7
739,70
740,707
741,709
742,712
743,714
744,72
745,726
746,73
747,730
748,734
749,737
750,739
751,74
752,75
753,751
754,752
755,758
756,76
757,762
758,766
759,768
760,77
761,771
762,773
763,775
764,777
765,779
766,78
767,782
768,785
769,787
770,79
771,795
772,796
773,8
774,807
775,809
776,81
777,810
778,813
779,817
780,819
781,82
782,820
783,821
784,822
785,826
786,83
787,830
788,834
789,835
790,839
791,84
792,843
793,844
794,849
795,85
796,850
797,851
798,853
799,855
800,856
801,857
802,859
803,860
804,861
805,862
806,87
807,870
808,873
809,874
810,875
811,879
812,88
813,882
814,89
815,890
816,891
817,895
818,9
819,901
820,902
821,904
822,906
823,908
824,91
825,916
826,917
827,918
828,92
829,922
830,923
831,925
832,928
833,93
834,930
835,931
836,932
837,938
838,94
839,943
840,945
841,947
842,949
843,95
844,953
845,957
846,958
847,959
848,96
849,968
850,97
851,970
852,971
853,972
854,974
855,978
856,979
857,98
858,980
859,981
860,987
861,99
862,992
863,996
864,1000
865,1001
866,1002
867,1007
868,1009
869,1012
870,1014
871,1016
872,1017
873,1018
874,1020
875,1021
876,1022
877,1023
878,1024
879,1025
880,1026
881,1027
882,1028
883,1029
884,1030
885,1031
886,1032
887,1033
888,1034
889,1035
890,1036
891,1038
892,1042
893,1043
894,1044
895,1045
896,1046
897,1047
898,1053
899,1055
900,1059
901,1060
902,1069
903,107
904,1074
905,1075
906,1082
907,1089
908,1090
909,1095
910,1102
911,1106
912,1108
913,1109
914,1113
915,1121
916,1122
917,1126
918,1128
919,1135
920,1137
921,1138
922,1139
923,1143
924,1154
925,1156
926,1157
927,1158
928,1160
929,1161
930,1166
931,1173
932,1180
933,1185
934,1186
935,1187
936,1195
937,1197
938,1198
939,1201
940,1203
941,1205
942,1209
943,121
944,1219
945,1220
946,1227
947,1230
948,1233
949,1234
950,1235
951,1236
952,1241
953,1242
954,1249
955,1252
956,1258
957,1261
958,1265
959,1271
960,1274
961,1287
962,1288
963,1291
964,1295
965,1297
966,1301
967,1316
968,1319
969,132
970,1321
971,1324
972,1328
973,1330
974,1337
975,1347
976,1350
977,1352
978,1356
979,1361
980,1370
981,1372
982,1379
983,1384
984,1387
985,1392
986,1393
987,1398
988,1399
989,1403
990,1405
991,1406
992,141
993,1410
994,1411
995,1413
996,1415
997,1417
998,1418
999,142
1000,1430
1001,1441
1002,1442
1003,1444
1004,1451
1005,1456
1006,1458
1007,1461
1008,1462
1009,1463
1010,1464
1011,1465
1012,1466
1013,1467
1014,1468
1015,1469
1016,1470
1017,1471
1018,1472
1019,1473
1020,1474
1021,1475
1022,1476
1023,1477
1024,1478
1025,1479
1026,1480
1027,1481
1028,1482
1029,1483
1030,1484
1031,1485
1032,1486
1033,1487
1034,1488
1035,1489
1036,1490
1037,1491
1038,1492
1039,1493
1040,1494
1041,1495
1042,1496
1043,1497
1044,1498
1045,1499
1046,1500
1047,1501
1048,1502
1049,1503
1050,1505
1051,1506
1052,1507
1053,1508
1054,1509
1055,1510
1056,1511
1057,1512
1058,1514
1059,1515
1060,1516
1061,1517
1062,1518
1063,1519
1064,1520
1065,1521
1066,1522
1067,1524
1068,1526
1069,1527
1070,1528
1071,1529
1072,1530
1073,1531
1074,1532
1075,1533
1076,1535
1077,1536
1078,1537
1079,1538
1080,1539
1081,1540
1082,1541
1083,1542
1084,1543
1085,1544
1086,1546
1087,1547
1088,1548
1089,1550
1090,1551
1091,1552
1092,1553
1093,1554
1094,1555
1095,1556
1096,1557
1097,1558
1098,1559
1099,1560
1100,1561
1101,1562
1102,1563
1103,1564
1104,1565
1105,1566
1106,1567
1107,1568
1108,1569
1109,1570
1110,1571
1111,1572
1112,1573
1113,1574
1114,1575
1115,1576
1116,1577
1117,1578
1118,1579
1119,1580
1120,1581
1121,1583
1122,1584
1123,1585
1124,1586
1125,1587
1126,1588
1127,1589
1128,1590
1129,1591
1130,1592
1131,1594
1132,1595
1133,1596
1134,1597
1135,1598
1136,1599
1137,1600
1138,1601
1139,1602
1140,1603
1141,1604
1142,1605
1143,1606
1144,1608
1145,1610
1146,1611
1147,1612
1148,1613
1149,1614
1150,1615
1151,1616
1152,1617
1153,1618
1154,1619
1155,1620
1156,1621
1157,1622
1158,1623
1159,1624
1160,1625
1161,1626
1162,1627
1163,1629
1164,1630
1165,1631
1166,1632
1167,1634
1168,1635
1169,1636
1170,1637
1171,1638
1172,1639
1173,1640
1174,1641
1175,1643
1176,1644
1177,1645
1178,1646
1179,1648
1180,1649
1181,1650
1182,1651
1183,1652
1184,1653
1185,1654
1186,1655
1187,1656
1188,1657
1189,1658
1190,1659
1191,1660
1192,1661
1193,1662
1194,1663
1195,1664
1196,1665
1197,1666
1198,1667
1199,1668
1200,1669
1201,167
1202,1670
1203,1671
1204,1672
1205,1673
1206,1674
1207,1675
1208,1676
1209,1677
1210,1678
1211,1679
1212,1680
1213,1681
1214,1682
1215,1683
1216,1684
1217,1685
1218,1686
1219,1687
1220,1688
1221,1689
1222,1691
1223,1692
1224,1693
1225,1694
1226,1695
1227,1696
1228,1697
1229,1698
1230,1699
1231,1701
1232,1703
1233,1704
1234,1706
1235,1707
1236,1708
1237,1709
1238,1710
1239,1711
1240,1712
1241,1713
1242,1714
1243,1715
1244,1716
1245,1717
1246,1718
1247,1719
1248,1720
1249,1721
1250,1722
1251,1723
1252,1724
1253,1725
1254,1726
1255,1727
1256,1728
1257,1729
1258,173
1259,1730
1260,1731
1261,1732
1262,1733
1263,1734
1264,1735
1265,1736
1266,1737
1267,1739
1268,174
1269,1740
1270,1742
1271,1743
1272,1744
1273,1745
1274,1746
1275,1747
1276,1748
1277,1749
1278,1750
1279,1751
1280,1752
1281,1753
1282,1754
1283,1756
1284,1777
1285,1792
1286,1810
1287,1819
1288,182
1289,184
1290,1840
1291,1859
1292,1863
1293,187
1294,1873
1295,1906
1296,192
1297,1923
1298,1937
1299,196
1300,1962
1301,2004
1302,2021
1303,2040
1304,2060
1305,2076
1306,2093
1307,2107
1308,2108
1309,211
1310,2113
1311,2114
1312,2115
1313,2121
1314,2122
1315,2124
1316,2125
1317,2126
1318,2127
1319,2129
1320,2130
1321,2131
1322,2132
1323,2133
1324,2134
1325,2137
1326,2138
1327,2139
1328,2141
1329,2142
1330,2143
1331,2144
1332,2145
1333,2147
1334,2148
1335,2149
1336,2150
1337,2151
1338,2152
1339,2155
1340,2156
1341,2167
1342,2168
1343,2174
1344,2176
1345,2178
1346,2179
1347,2184
1348,2185
1349,2189
1350,219
1351,2195
1352,2196
1353,2197
1354,220
1355,2203
1356,2208
1357,2209
1358,2210
1359,2213
1360,2214
1361,2215
1362,2218
1363,2219
1364,2222
1365,2223
1366,2224
1367,2226
1368,2227
1369,2228
1370,2230
1371,2231
1372,2232
1373,2234
1374,2235
1375,2236
1376,2237
1377,2238
1378,2240
1379,2242
1380,2243
1381,2244
1382,2245
1383,2248
1384,226
1385,2278
1386,230
1387,232
1388,233
1389,252
1390,258
1391,26
1392,263
1393,265
1394,269
1395,275
1396,278
1397,283
1398,286
1399,304
1400,312
1401,339
1402,341
1403,342
1404,343
1405,345
1406,347
1407,348
1408,355
1409,364
1410,365
1411,376
1412,38
1413,385
1414,396
1415,416
1416,423
1417,425
1418,429
1419,437
1420,438
1421,442
1422,447
1423,452
1424,462
1425,474
1426,477
1427,482
1428,489
1429,496
1430,500
1431,501
1432,502
1433,505
1434,507
1435,508
1436,510
1437,511
1438,512
1439,513
1440,514
1441,515
1442,516
1443,517
1444,518
1445,519
1446,520
1447,521
1448,522
1449,523
1450,524
1451,525
1452,526
1453,527
1454,528
1455,529
1456,530
1457,531
1458,532
1459,533
1460,534
1461,535
1462,536
1463,537
1464,538
1465,539
1466,540
1467,541
1468,542
1469,543
1470,544
1471,545
1472,546
1473,547
1474,548
1475,549
1476,550
1477,551
1478,552
1479,553
1480,554
1481,555
1482,556
1483,557
1484,558
1485,559
1486,560
1487,561
1488,562
1489,563
1490,564
1491,565
1492,566
1493,567
1494,568
1495,569
1496,570
1497,571
1498,572
1499,573
1500,574
1501,575
1502,577
1503,578
1504,579
1505,581
1506,583
1507,585
1508,588
1509,591
1510,593
1511,594
1512,595
1513,596
1514,597
1515,598
1516,600
1517,602
1518,603
1519,604
1520,606
1521,607
1522,608
1523,609
1524,611
1525,612
1526,616
1527,617
1528,618
1529,619
1530,62
1531,620
1532,621
1533,622
1534,623
1535,624
1536,625
1537,626
1538,627
1539,628
1540,629
1541,630
1542,631
1543,632
1544,633
1545,634
1546,635
1547,636
1548,637
1549,638
1550,639
1551,640
1552,641
1553,642
1554,643
1555,644
1556,645
1557,646
1558,647
1559,648
1560,649
1561,650
1562,652
1563,653
1564,654
1565,655
1566,656
1567,657
1568,658
1569,659
1570,660
1571,661
1572,662
1573,663
1574,664
1575,665
1576,666
1577,668
1578,669
1579,670
1580,671
1581,672
1582,673
1583,674
1584,675
1585,676
1586,677
1587,678
1588,679
1589,680
1590,681
1591,682
1592,683
1593,684
1594,685
1595,686
1596,687
1597,689
1598,690
1599,691
1600,692
1601,693
1602,694
1603,695
1604,696
1605,697
1606,698
1607,699
1608,700
1609,701
1610,702
1611,703
1612,704
1613,705
1614,706
1615,708
1616,71
1617,710
1618,711
1619,713
1620,715
1621,716
1622,717
1623,718
1624,719
1625,720
1626,721
1627,722
1628,723
1629,724
1630,725
1631,727
1632,728
1633,729
1634,731
1635,732
1636,733
1637,735
1638,736
1639,738
1640,740
1641,741
1642,742
1643,743
1644,744
1645,745
1646,746
1647,747
1648,749
1649,750
1650,753
1651,754
1652,755
1653,756
1654,757
1655,759
1656,760
1657,761
1658,763
1659,764
1660,765
1661,767
1662,769
1663,770
1664,772
1665,774
1666,776
1667,778
1668,780
1669,781
1670,783
1671,784
1672,786
1673,788
1674,789
1675,790
1676,791
1677,792
1678,793
1679,794
1680,797
1681,798
1682,799
1683,80
1684,800
1685,801
1686,802
1687,803
1688,804
1689,805
1690,806
1691,808
1692,811
1693,812
1694,814
1695,815
1696,816
1697,818
1698,823
1699,824
1700,825
1701,827
1702,828
1703,831
1704,832
1705,833
1706,836
1707,837
1708,838
1709,840
1710,842
1711,845
1712,846
1713,847
1714,848
1715,852
1716,854
1717,858
1718,863
1719,864
1720,865
1721,866
1722,867
1723,868
1724,869
1725,871
1726,872
1727,876
1728,877
1729,878
1730,880
1731,881
1732,883
1733,884
1734,885
1735,886
1736,887
1737,888
1738,889
1739,893
1740,894
1741,896
1742,897
1743,898
1744,899
1745,90
1746,900
1747,903
1748,905
1749,907
1750,909
1751,910
1752,911
1753,912
1754,913
1755,914
1756,915
1757,919
1758,920
1759,921
1760,924
1761,926
1762,927
1763,929
1764,933
1765,934
1766,935
1767,936
1768,937
1769,939
1770,940
1771,941
1772,942
1773,944
1774,946
1775,948
1776,950
1777,951
1778,952
1779,954
1780,955
1781,956
1782,960
1783,961
1784,962
1785,963
1786,964
1787,965
1788,966
1789,969
1790,973
1791,975
1792,976
1793,977
1794,982
1795,983
1796,984
1797,985
1798,986
1799,988
1800,989
1801,990
1802,993
1803,994
1804,995
1805,997
1806,998
1807,999
1808,1130
1809,1303
1810,1312
1811,1346
1812,1414
1813,1433
1814,1504
1815,1513
1816,1523
1817,1525
1818,1534
1819,1545
1820,1549
1821,1582
1822,1593
1823,1607
1824,1628
1825,1633
1826,1690
1827,1700
1828,1702
1829,1705
1830,1738
1831,1741
1832,1755
1833,1757
1834,1758
1835,1759
1836,1760
1837,1761
1838,1762
1839,1763
1840,1764
1841,1765
1842,1766
1843,1767
1844,1768
1845,1769
1846,1770
1847,1771
1848,1772
1849,1773
1850,1774
1851,1775
1852,1776
1853,1778
1854,1779
1855,1780
1856,1781
1857,1782
1858,1783
1859,1784
1860,1785
1861,1786
1862,1787
1863,1788
1864,1790
1865,1791
1866,1793
1867,1794
1868,1795
1869,1796
1870,1797
1871,1798
1872,1799
1873,1800
1874,1801
1875,1803
1876,1804
1877,1805
1878,1806
1879,1807
1880,1808
1881,1811
1882,1812
1883,1813
1884,1815
1885,1817
1886,1818
1887,1821
1888,1822
1889,1823
1890,1824
1891,1825
1892,1826
1893,1828
1894,1829
1895,1830
1896,1831
1897,1832
1898,1833
1899,1834
1900,1835
1901,1836
1902,1837
1903,1838
1904,1839
1905,1841
1906,1842
1907,1843
1908,1844
1909,1846
1910,1847
1911,1849
1912,1850
1913,1851
1914,1852
1915,1853
1916,1854
1917,1855
1918,1856
1919,1857
1920,1858
1921,1860
1922,1861
1923,1862
1924,1865
1925,1866
1926,1867
1927,1868
1928,1869
1929,1870
1930,1871
1931,1874
1932,1875
1933,1876
1934,1877
1935,1878
1936,1879
1937,1880
1938,1881
1939,1882
1940,1883
1941,1884
1942,1887
1943,1888
1944,1889
1945,1890
1946,1891
1947,1892
1948,1893
1949,1895
1950,1896
1951,1897
1952,1898
1953,1899
1954,1900
1955,1901
1956,1902
1957,1903
1958,1904
1959,1905
1960,1907
1961,1908
1962,1909
1963,1910
1964,1913
1965,1914
1966,1915
1967,1916
1968,1917
1969,1918
1970,1919
1971,1920
1972,1921
1973,1922
1974,1927
1975,1930
1976,1931
1977,1932
1978,1934
1979,1935
1980,1939
1981,1948
1982,1979
1983,2023
1984,2066
1985,2116
1986,2117
1987,2119
1988,2123
1989,2135
1990,2136
1991,2140
1992,2146
1993,2153
1994,2154
1995,2157
1996,2158
1997,2159
1998,2161
1999,2162
2000,2163
2001,2164
2002,2165
2003,2166
2004,2169
2005,2170
2006,2171
2007,2172
2008,2173
2009,2175
2010,2177
2011,2180
2012,2181
2013,2182
2014,2183
2015,2186
2016,2187
2017,2188
2018,2190
2019,2191
2020,2192
2021,2193
2022,2194
2023,2198
2024,2199
2025,2200
2026,2201
2027,2202
2028,2204
2029,2205
2030,2206
2031,2207
2032,2211
2033,2212
2034,2216
2035,2217
2036,2220
2037,2221
2038,2225
2039,2229
2040,2239
2041,2241
2042,2246
2043,2247
2044,2249
2045,2250
2046,2251
2047,2252
2048,2253
2049,2254
2050,2255
2051,2256
2052,2258
2053,2261
2054,2262
2055,2263
2056,2266
2057,2267
2058,2268
2059,2269
2060,2270
2061,2272
2062,2273
2063,2274
2064,2275
2065,2276
2066,2277
2067,2279
2068,2280
2069,2281
2070,2282
2071,2283
2072,2284
2073,2285
2074,2286
2075,2287
2076,2288
2077,2290
2078,2291
2079,2292
2080,2293
2081,2294
2082,2295
2083,2296
2084,2297
2085,2298
2086,2299
2087,2300
2088,2301
2089,2302
2090,2303
2091,2305
2092,2306
2093,2307
2094,2308
2095,2309
2096,2310
2097,2311
2098,2312
2099,2313
2100,2314
2101,2315
2102,2316
2103,2317
2104,2318
2105,2319
2106,2320
2107,2321
2108,2322
2109,2323
2110,2324
2111,2326
2112,2327
2113,2328
2114,2329
2115,2330
2116,2331
2117,2332
2118,2333
2119,2334
2120,2335
2121,2336
2122,2337
2123,2338
2124,2339
2125,2340
2126,2342
2127,2343
2128,2344
2129,2345
2130,2346
2131,2347
2132,2348
2133,2349
2134,2350
2135,2351
2136,2352
2137,2353
2138,2354
2139,2355
2140,2356
2141,2357
2142,2358
2143,2359
2144,2360
2145,2361
2146,2362
2147,2363
2148,2364
2149,2365
2150,2366
2151,2367
2152,2368
2153,2369
2154,2370
2155,2371
2156,2372
2157,2373
2158,2374
2159,2375
2160,2376
2161,2377
2162,2378
2163,2379
2164,2380
2165,2381
2166,2382
2167,2383
2168,2384
2169,2385
2170,2386
2171,2387
2172,2388
2173,2389
2174,2390
2175,2391
2176,2392
2177,2394
2178,2395
2179,2396
2180,2397
2181,2398
2182,2399
2183,2400
2184,2401
2185,2402
2186,2403
2187,2404
2188,2405
2189,2406
2190,2407
2191,2408
2192,2409
2193,2410
2194,2411
2195,2412
2196,2413
2197,2414
2198,2415
2199,2416
2200,2418
2201,2419
2202,2420
2203,2421
2204,2422
2205,2423
2206,2424
2207,2425
2208,2426
2209,2427
2210,2429
2211,2430
2212,2431
2213,2432
2214,2433
2215,2434
2216,2436
2217,2437
2218,2438
2219,2439
2220,2440
2221,2441
2222,2442
2223,2443
2224,2446
2225,2447
2226,2448
2227,2449
2228,2451
2229,2452
2230,2453
2231,2454
2232,2455
2233,2456
2234,2457
2235,2458
2236,2459
2237,2460
2238,2461
2239,2462
2240,2463
2241,2464
2242,2465
2243,2466
2244,2467
2245,2468
2246,2469
2247,2470
2248,2472
2249,2473
2250,2474
2251,2475
2252,2476
2253,2478
2254,2479
2255,2480
2256,2481
2257,2482
2258,2483
2259,2484
2260,2485
2261,2486
2262,2488
2263,2489
2264,2490
2265,2491
2266,2492
2267,2494
2268,2495
2269,2496
2270,2497
2271,2498
2272,2499
2273,2501
2274,2503
2275,2504
2276,2505
2277,2507
2278,2508
2279,2510
2280,2511
2281,2512
2282,2513
2283,2514
2284,2515
2285,2516
2286,2517
2287,2518
2288,2519
2289,2520
2290,2521
2291,2522
2292,2523
2293,2524
2294,2525
2295,2526
2296,2527
2297,2528
2298,2529
2299,2530
2300,2531
2301,2532
2302,2533
2303,2535
2304,2536
2305,2537
2306,2538
2307,2539
2308,2540
2309,2541
2310,2542
2311,2543
2312,2544
2313,2546
2314,2547
2315,2548
2316,2549
2317,2550
2318,2551
2319,2552
2320,2553
2321,2554
2322,2555
2323,2558
2324,2559
2325,2560
2326,2561
2327,2562
2328,2563
2329,2564
2330,2565
2331,2566
2332,2567
2333,2568
2334,2569
2335,2570
2336,2571
2337,2572
2338,2573
2339,2574
2340,2575
2341,2576
2342,2577
2343,2578
2344,2579
2345,2581
2346,2582
2347,2583
2348,2584
2349,2585
2350,2586
2351,2587
2352,2588
2353,2589
2354,2590
2355,2591
2356,2593
2357,2594
2358,2595
2359,2596
2360,2597
2361,2598
2362,2599
2363,2600
2364,2601
2365,2603
2366,2604
2367,2605
2368,2606
2369,2607
2370,2608
2371,2609
2372,2610
2373,2611
2374,2612
2375,2613
2376,2614
2377,2615
2378,2616
2379,2617
2380,2618
2381,2619
2382,2621
2383,2622
2384,2623
2385,2624
2386,2625
2387,2626
2388,2627
2389,2628
2390,2629
2391,2630
2392,2632
2393,2633
2394,2634
2395,2635
2396,2636
2397,2637
2398,2639
2399,2640
2400,2643
2401,2644
2402,2645
2403,2646
2404,2648
2405,2649
2406,2651
2407,2652
2408,2653
2409,2654
2410,2656
2411,2657
2412,2658
2413,2663
2414,2665
2415,2666
2416,2668
2417,2669
2418,2670
2419,2671
2420,2672
2421,2673
2422,2674
2423,2675
2424,2676
2425,2678
2426,2681
2427,2682
2428,2684
2429,2686
2430,2689
2431,270
2432,381
2433,499
2434,892
2435,967
2436,1388
2437,1440
2438,1609
2439,1642
2440,1647
2441,1789
2442,1802
2443,1809
2444,1814
2445,1816
2446,1820
2447,1827
2448,1845
2449,1848
2450,1864
2451,1872
2452,1885
2453,1886
2454,1894
2455,1911
2456,1912
2457,1924
2458,1925
2459,1926
2460,1928
2461,1929
2462,1933
2463,1936
2464,1938
2465,1940
2466,1941
2467,1942
2468,1943
2469,1944
2470,1945
2471,1946
2472,1947
2473,1949
2474,1950
2475,1951
2476,1952
2477,1953
2478,1954
2479,1955
2480,1956
2481,1957
2482,1958
2483,1959
2484,1960
2485,1961
2486,1963
2487,1964
2488,1965
2489,1966
2490,1967
2491,1968
2492,1969
2493,1970
2494,1971
2495,1972
2496,1973
2497,1974
2498,1975
2499,1976
2500,1977
2501,1978
2502,1980
2503,1981
2504,1982
2505,1983
2506,1984
2507,1985
2508,1986
2509,1987
2510,1988
2511,1989
2512,1990
2513,1991
2514,1992
2515,1993
2516,1994
2517,1995
2518,1996
2519,1997
2520,1998
2521,1999
2522,2000
2523,2001
2524,2002
2525,2003
2526,2005
2527,2006
2528,2007
2529,2008
2530,2009
2531,2010
2532,2011
2533,2012
2534,2013
2535,2014
2536,2015
2537,2016
2538,2017
2539,2018
2540,2019
2541,2020
2542,2022
2543,2024
2544,2025
2545,2026
2546,2027
2547,2028
2548,2029
2549,2030
2550,2031
2551,2032
2552,2033
2553,2034
2554,2035
2555,2036
2556,2037
2557,2038
2558,2039
2559,2041
2560,2042
2561,2043
2562,2044
2563,2045
2564,2046
2565,2047
2566,2048
2567,2049
2568,2050
2569,2051
2570,2052
2571,2053
2572,2054
2573,2055
2574,2056
2575,2057
2576,2058
2577,2059
2578,2061
2579,2062
2580,2063
2581,2064
2582,2065
2583,2067
2584,2068
2585,2069
2586,2070
2587,2071
2588,2072
2589,2073
2590,2074
2591,2075
2592,2077
2593,2078
2594,2079
2595,2080
2596,2081
2597,2082
2598,2083
2599,2084
2600,2085
2601,2086
2602,2087
2603,2088
2604,2089
2605,2090
2606,2091
2607,2092
2608,2094
2609,2095
2610,2096
2611,2097
2612,2098
2613,2099
2614,2100
2615,2101
2616,2102
2617,2103
2618,2104
2619,2105
2620,2106
2621,2109
2622,2110
2623,2111
2624,2112
2625,2118
2626,2120
2627,2128
2628,2160
2629,2233
2630,2257
2631,2260
2632,2264
2633,2265
2634,2271
2635,2289
2636,2304
2637,2325
2638,2341
2639,2393
2640,2417
2641,2428
2642,2435
2643,2444
2644,2445
2645,2450
2646,2471
2647,2477
2648,2487
2649,2493
2650,2500
2651,2502
2652,2506
2653,2509
2654,2534
2655,2545
2656,2556
2657,2557
2658,2580
2659,2592
2660,2602
2661,2620
2662,2631
2663,2638
2664,2641
2665,2642
2666,2647
2667,2650
2668,2655
2669,2659
2670,2660
2671,2661
2672,2662
2673,2664
2674,2667
2675,2677
2676,2679
2677,2680
2678,2683
2679,2685
2680,2687
2681,2688
2682,2690
2683,2691
2684,2692
2685,2693
2686,2694
2687,2695
2688,2696
2689,2697
2690,2698
2691,2699
2692,2700
2693,2701
2694,2702
2695,2703
2696,2704
2697,2705
2698,2706
2699,2707
2700,2708
2701,2709
2702,2710
2703,2711
2704,2712
2705,2713
2706,2714
2707,2715
2708,2716
2709,2717
2710,2718
2711,2719
2712,2720
2713,2721
2714,2722
2715,2723
2716,2724
2717,2725
2718,2726
2719,2727
2720,2728
2721,2729
2722,2730
2723,2731
2724,2732
2725,2733
2726,2734
2727,2735
2728,2736
2729,2737
2730,2738
2731,2739
2732,2740
2733,2741
2734,2742
2735,2743
2736,2744
2737,2745
2738,2746
2739,2748
2740,2749
2741,2750
2742,2751
2743,2752
2744,2753
2745,2756
2746,2757
2747,2758
2748,2759
2749,2761
2750,2762
2751,2763
2752,2764
2753,2765
2754,2766
2755,2767
2756,2768
2757,2769
2758,2770
2759,2771
2760,2772
2761,2773
2762,2774
2763,2775
2764,2776
2765,2777
2766,2778
2767,2779
2768,2780
2769,2781
2770,2782
2771,2783
2772,2784
2773,2785
2774,2786
2775,2787
2776,2788
2777,2789
2778,2790
2779,2791
2780,2792
2781,2793
2782,2794
2783,2795
2784,2796
2785,2797
2786,2798
2787,2799
2788,2800
2789,2801
2790,2802
2791,2803
2792,2804
2793,2805
2794,2806
2795,2807
2796,2808
2797,2809
2798,2810
2799,2811
2800,2812
2801,2813
2802,2814
2803,2815
2804,2816
2805,2817
2806,2818
2807,2819
2808,2820
2809,2821
2810,2822
2811,2823
2812,2824
2813,2825
2814,2826
2815,2827
2816,2828
2817,2830
2818,2831
2819,2832
2820,2833
2821,2834
2822,2835
2823,2836
2824,2837
2825,2838
2826,2839
2827,2840
2828,2841
2829,2842
2830,2843
2831,2844
2832,2845
2833,2846
2834,2847
2835,2848
2836,2849
2837,2850
2838,2851
2839,2852
2840,2853
2841,2854
2842,2855
2843,2856
2844,2857
2845,2858
2846,2859
2847,2860
2848,2862
2849,2863
2850,2864
2851,2865
2852,2866
2853,2867
2854,2868
2855,2869
2856,2870
2857,2871
2858,2872
2859,2873
2860,2874
2861,2875
2862,2876
2863,2877
2864,2878
2865,2879
2866,2880
2867,2881
2868,2882
2869,2883
2870,2884
2871,2885
2872,2886
2873,2887
2874,2888
2875,2889
2876,2890
2877,2891
2878,2892
2879,2893
2880,2894
2881,2895
2882,2896
2883,2897
2884,2898
2885,2899
2886,2900
2887,2901
2888,2902
2889,2903
2890,2904
2891,2905
2892,2907
2893,2908
2894,2909
2895,2910
2896,2911
2897,2912
2898,2913
2899,2914
2900,2915
2901,2916
2902,2917
2903,2918
2904,2919
2905,2920
2906,2921
2907,2922
2908,2923
2909,2924
2910,2925
2911,2926
2912,2927
2913,2928
2914,2929
2915,2930
2916,2931
2917,2932
2918,2933
2919,2934
2920,2935
2921,2936
2922,2937
2923,2938
2924,2939
2925,2940
2926,2941
2927,2943
2928,2944
2929,2946
2930,2947
2931,2948
2932,2949
2933,2951
2934,2973
2935,2975
2936,2978
2937,2979
2938,2982
2939,2985
2940,2999
2941,3009
2942,3018
2943,3041
2944,841
2945,2259
2946,2747
2947,2754
2948,2906
2949,2942
2950,2945
2951,2950
2952,2955
2953,2956
2954,2957
2955,2958
2956,2959
2957,2961
2958,2962
2959,2964
2960,2966
2961,2967
2962,2968
2963,2969
2964,2970
2965,2971
2966,2972
2967,2974
2968,2976
2969,2977
2970,2980
2971,2981
2972,2983
2973,2984
2974,2987
2975,2989
2976,2991
2977,2992
2978,2993
2979,2994
2980,2995
2981,2996
2982,3000
2983,3004
2984,3005
2985,3006
2986,3007
2987,3008
2988,3010
2989,3011
2990,3012
2991,3013
2992,3015
2993,3016
2994,3017
2995,3019
2996,3020
2997,3021
2998,3023
2999,3026
3000,3027
3001,3028
3002,3030
3003,3032
3004,3033
3005,3036
3006,3037
3007,3038
3008,3039
3009,3040
3010,3042
3011,3043
3012,3044
3013,3045
3014,3046
3015,3047
3016,3048
3017,3050
3018,3051
3019,3052
3020,3053
3021,3054
3022,3055
3023,3056
3024,3057
3025,3058
3026,3059
3027,3060
3028,3061
3029,3062
3030,3063
3031,3065
3032,3066
3033,3067
3034,3070
3035,3071
3036,3072
3037,3074
3038,3075
3039,3076
3040,3077
3041,3078
3042,3079
3043,3080
3044,3081
3045,3083
3046,3084
3047,3085
3048,3086
3049,3087
3050,3088
3051,3089
3052,3090
3053,3091
3054,3092
3055,3095
3056,3096
3057,3097
3058,3098
3059,3099
3060,3100
3061,3102
3062,3103
3063,3104
3064,3105
3065,3108
3066,3109
3067,3110
3068,3111
3069,3112
3070,3115
3071,3116
3072,3117
3073,3118
3074,3119
3075,3121
3076,3122
3077,3123
3078,3124
3079,3125
3080,3126
3081,3127
3082,3128
3083,3133
3084,3134
3085,3135
3086,3136
3087,3137
3088,3138
3089,3139
3090,3140
3091,3141
3092,3142
3093,3145
3094,3146
3095,3147
3096,3148
3097,3149
3098,3150
3099,3151
3100,3152
3101,3153
3102,3156
3103,3157
3104,3160
3105,3161
3106,3162
3107,3165
3108,3166
3109,3167
3110,3168
3111,3170
3112,3171
3113,3172
3114,3173
3115,3174
3116,3175
3117,3176
3118,3178
3119,3180
3120,3182
3121,3184
3122,3185
3123,3186
3124,3190
3125,3191
3126,3193
3127,3198
3128,3199
3129,3202
3130,3205
3131,3209
3132,3210
3133,3211
3134,3213
3135,3214
3136,3215
3137,3216
3138,3217
3139,3218
3140,3219
3141,3220
3142,3221
3143,3223
3144,3224
3145,3225
3146,3226
3147,3227
3148,3231
3149,3234
3150,3235
3151,3236
3152,3237
3153,3243
3154,3244
3155,3245
3156,3249
3157,3250
3158,3251
3159,3260
3160,3268
3161,3269
3162,3271
3163,3273
3164,3276
3165,3281
3166,3282
3167,3284
3168,3288
3169,3290
3170,3304
3171,3307
3172,3308
3173,3309
3174,3325
3175,3332
3176,3337
3177,3345
3178,2760
3179,2829
3180,2953
3181,2954
3182,2990
3183,3003
3184,3024
3185,3025
3186,3029
3187,3049
3188,3068
3189,3101
3190,3113
3191,3132
3192,3143
3193,3154
3194,3169
3195,3177
3196,3179
3197,3181
3198,3189
3199,3195
3200,3204
3201,3207
3202,3212
3203,3222
3204,3230
3205,3233
3206,3240
3207,3242
3208,3256
3209,3263
3210,3267
3211,3277
3212,3279
3213,3280
3214,3283
3215,3287
3216,3289
3217,3297
3218,3298
3219,3303
3220,3306
3221,3312
3222,3317
3223,3321
3224,3322
3225,3326
3226,3328
3227,3334
3228,3335
3229,3338
3230,3339
3231,3341
3232,3346
3233,3350
3234,3353
3235,3354
3236,3357
3237,3359
3238,3361
3239,3369
3240,3371
3241,3373
3242,3374
3243,3375
3244,3376
3245,3379
3246,3380
3247,3381
3248,3383
3249,3385
3250,3387
3251,3388
3252,3389
3253,3390
3254,3393
3255,3395
3256,3396
3257,3401
3258,3403
3259,3405
3260,3408
3261,3458
3262,3329
3263,3362
3264,3363
3265,3364
3266,3553
3267,3565
3268,3762
3269,3407
3270,3591
3271,3575
3272,3680
